0,
2,
2,
1,
0,
1,
0,
2,
1,
2,
0,
2,
1,
1,
0,
0,
0,
1,
0,
1,
0,
0,
0,
0,
0,
1,
2,
1,
4,
1,
0,
2,
4,
0,
0,
2,
1,
1,
1,
0,
2,
0,
0,
1,
1,
2,
0,
1,
1,
0,
1,
1,
1,
0,
0,
1,
4,
1,
2,
0,
3,
1,
2,
0,
2,
0,
1,
6,
0,
1,
2,
0,
0,
0,
0,
0,
2,
1,
1,
0,
0,
1,
2,
1,
0,
0,
2,
2,
2,
1,
0,
0,
0,
0,
2,
1,
0,
0,
3,
3,
2,
1,
0,
0,
0,
0,
1,
0,
3,
0,
0,
2,
1,
1,
1,
2,
0,
0,
1,
1,
3,
0,
4,
0,
1,
1,
2,
0,
1,
1,
0,
1,
0,
1,
1,
0,
2,
1,
3,
1,
1,
0,
3,
1,
1,
1,
1,
1,
4,
3,
2,
0,
1,
0,
4,
1,
1,
3,
1,
2,
0,
1,
0,
0,
0,
1,
2,
0,
0,
0,
2,
0,
2,
0,
1,
1,
1,
1,
1,
4,
2,
2,
0,
0,
0,
2,
1,
0,
1,
0,
2,
4,
2,
0,
2,
1,
0,
7,
1,
1,
2,
0,
1,
4,
1,
2,
1,
1,
0,
0,
0,
0,
0,
0,
0,
2,
0,
0,
1,
1,
0,
1,
0,
1,
1,
2,
2,
2,
0,
1,
0,
0,
5,
1,
0,
1,
1,
0,
1,
0,
1,
2,
1,
1,
2,
1,
0,
2,
0,
4,
0,
0,
0,
0,
0,
0,
1,
2,
0,
0,
0,
0,
0,
0,
0,
1,
0,
1,
0,
1,
6,
0,
0,
1,
1,
2,
5,
0,
1,
0,
2,
3,
1,
2,
0,
3,
0,
0,
0,
0,
3,
0,
1,
3,
0,
2,
0,
2,
2,
0,
3,
0,
0,
0,
2,
2,
2,
1,
1,
4,
0,
0,
1,
0,
0,
1,
1,
1,
1,
0,
1,
2,
1,
0,
3,
0,
0,
0,
1,
0,
2,
0,
2,
1,
2,
0,
1,
1,
5,
1,
1,
0,
2,
0,
5,
2,
0,
1,
1,
3,
2,
1,
1,
1,
0,
2,
1,
1,
3,
1,
0,
1,
0,
0,
1,
0,
1,
1,
1,
1,
1,
1,
0,
0,
2,
1,
0,
2,
0,
1,
0,
1,
2,
2,
2,
1,
1,
2,
0,
0,
1,
1,
0,
1,
2,
1,
3,
1,
1,
0,
0,
1,
2,
1,
0,
0,
0,
0,
3,
2,
0,
0,
1,
2,
0,
0,
0,
3,
0,
1,
1,
1,
0,
1,
0,
0,
3,
2,
4,
1,
2,
1,
1,
1,
1,
0,
2,
2,
0,
1,
0,
0,
0,
0,
0,
0,
0,
0,
0,
0,
1,
3,
0,
0,
1,
0,
0,
0,
0,
1,
0,
2,
1,
0,
0,
1,
1,
0,
1,
0,
0,
2,
1,
0,
2,
1,
0,
0,
0,
1,
0,
0,
1,
1,
0,
1,
0,
3,
4,
1,
2,
0)
pretty(histData_vals, n=8)
golem::run_dev()
unique(round(pretty(histData_vals, n=8)))
unique(round(pretty(histData_vals, n=8)))
golem::run_dev()
golem::run_dev()
golem::run_dev()
breaks_test = c(-5, 0, 5, 10, 15, 20, 25)
while(length(breaks_test) != 0 && length(which(breaks==1)) == 0 && max(breaks) > 1){print('yes')}
while(length(breaks_test) != 0 && length(which(breaks_test==1)) == 0 && max(breaks_test) > 1){print('yes')}
tmp_var <- 0
tmp_var <- tmp_var + 1
breaks + (tmp_var*(-1)^(tmp_var-1)/100)
breaks_test + (tmp_var*(-1)^(tmp_var-1)/100)
golem::run_dev()
golem::run_dev()
golem::run_dev()
golem::run_dev()
install.packages('golem')
golem::run_dev()
